

% Run 8 No cart, LLL MMM HHH 
a = [0.3742    0.4094    0.4022    0.3492    0.3564    0.3763    0.2136     0.2357    0.2069 ]; 
% average for L M H 
    0.3953    0.3606    0.2187
    
% L 
% 1:5 
params =
    0.1775    0.0163    2.8148    0.0585    9.4443

% 1:10 
params =
    0.1358    0.0897    3.2558    0.0595   12.0907

% 1:20 
params =
    0.2424    0.0717    3.6201    0.0424   16.9790

% together 
    0.2514    0.0028    2.7975    0.0588   17.7576, 
    but 1:20 not so good... 
    
    